406 
4871 20
42134 68337 98377 2030 18945 55914 12492 58146 79041 17652 10014 11543 920 50357 83073 72701 17164 29616 52743 66996 
1949 20
29512 75188 98832 96757 24096 18968 63589 2883 99686 41367 77607 82966 5658 99572 21318 52845 71256 1416 46254 7767 
8696 20
35619 5076 45104 78115 87902 44776 77630 66416 24855 17085 86267 2284 82092 38304 42488 3876 82577 89554 94634 65791 
8384 20
84313 76168 71023 27699 45614 69826 29310 79781 81966 15212 67329 4986 84933 34713 90223 24067 37923 54344 67804 89482 
2610 20
25060 89240 65479 74761 7820 71113 49113 48745 4174 53356 66708 30494 61304 77032 10458 11071 1382 48043 39325 52297 
3428 20
69864 97430 28439 39161 87468 63123 51354 71379 61709 36727 94797 44929 56796 88298 49358 612 49856 25787 53296 47401 
9447 20
33653 90735 89681 410 70663 98621 83518 38150 61857 42871 38320 63821 38493 76262 14339 20351 34612 38593 76725 673 
8691 20
78477 55052 18437 78715 48126 50247 85175 80049 46058 59290 20152 15480 15371 11153 29434 87419 55714 35565 1012 33992 
8530 20
88957 81373 96213 42760 82458 32631 99723 2304 27044 87719 59089 20859 11503 98024 5892 22968 26138 16064 53582 19448 
7819 20
71839 32704 47416 58796 86747 37514 53006 45905 85469 21414 8183 58040 42215 89224 60221 88097 39170 1367 20549 86604 
627 20
60962 92874 52170 75802 17668 18989 46427 76493 39432 38799 6016 41993 49106 47618 20137 61874 13907 60226 74570 94802 
1045 20
41485 87873 49560 95978 43439 29992 44114 56316 63622 54028 90560 91949 17105 77344 21886 20566 38313 20595 39892 25087 
4758 19
84347 26076 94218 47525 99010 2686 63986 23928 92408 91216 41803 2051 24709 74497 54287 4552 71749 33654 61417 
6644 20
34688 32722 79918 39066 43182 59710 5281 47332 62465 73905 89990 91504 2164 60249 67532 87633 10816 34217 52990 35676 
6063 20
67622 5828 28199 96428 67848 51504 48962 50947 9552 54575 79788 95598 9218 1266 36058 66962 91877 41516 78200 85987 
349 20
55168 73350 92378 34171 93253 45706 17897 71808 20469 59352 64201 10212 39545 18167 99807 87536 56492 83215 49971 97265 
6871 20
36149 31515 74615 67662 59246 599 16615 80127 12282 13601 47629 21581 66013 59306 40071 42836 74736 39044 75548 87851 
4074 20
92803 47160 99133 31062 87003 60749 15039 40629 87243 22232 71391 2184 66165 39999 75565 87114 95431 7282 95481 33235 
9855 20
51479 2999 56073 18568 31629 14014 64392 94033 69233 55738 45533 84226 89198 74200 21342 34698 60258 83257 24583 79077 
661 20
44823 87312 77606 55860 25973 32402 83190 15297 46618 9112 5110 48941 86001 49350 15973 41272 66405 31489 50977 26557 
7358 19
45114 30585 65619 34271 51487 8226 67570 88944 34122 46729 65508 47834 81543 36550 59605 46203 41726 63957 81897 
1356 20
57786 77787 15920 66975 40507 83283 1718 70779 13975 89796 56979 74453 74656 52190 7850 49706 63860 73445 98328 61543 
5851 20
21555 8445 12513 95728 79965 87530 45502 16980 21719 99002 3163 30381 17291 85653 35601 23556 56563 50129 3982 21720 
1201 20
63192 26759 16196 33482 91106 78818 28933 6471 34078 8585 4850 48464 93111 66837 58677 99899 99331 33588 84256 8851 
2044 20
27066 73699 63471 2766 79761 71861 84863 92294 29958 63723 59429 69976 90947 7230 64546 34336 89068 39554 25945 69029 
4386 20
81146 51559 51286 74910 8144 55589 2757 76411 20278 1441 70149 55159 58984 41057 41768 50686 25605 63486 53983 27770 
414 20
35170 134 47195 82540 58203 67594 30257 11876 57632 55000 78367 43849 3857 75477 72431 13209 98692 4391 12491 61099 
7937 20
3518 50105 58431 81827 12068 48712 34861 13847 78805 3015 32944 7517 79984 92731 48614 97092 74379 4329 62239 12807 
5390 20
41659 83944 1629 98409 6763 41223 80485 32506 75021 26973 41258 96555 61675 46059 37734 91957 76674 5053 9937 65140 
6976 20
80822 89120 69510 92699 56081 64849 97336 81336 97119 34239 92586 66507 89056 11231 2163 32712 26150 74902 33516 60936 
6698 20
29418 20552 61763 49808 14519 78589 78305 57357 76220 52944 48503 90165 78901 48694 93865 78708 48976 70031 16542 89391 
7582 20
77684 71537 69696 47879 84906 37525 20934 47593 88057 1809 16226 91952 57028 74381 62470 29878 33158 48702 21340 82778 
2252 19
28909 12246 61904 68416 14864 37181 98116 94128 45591 20491 6297 45813 43402 98399 5275 66032 75086 54837 48674 
6235 20
85956 33564 10813 21213 74048 89751 44347 98310 20599 2510 89434 43368 16201 54675 23126 27975 67868 14188 78483 51514 
2137 20
88626 23019 56949 44632 14704 23621 70379 36726 16397 26245 46404 64790 70737 56775 24477 93795 75016 4572 37854 75376 
7438 20
43162 39760 1137 92491 50938 74677 86426 68645 89848 76815 59314 29776 7093 42865 35463 85581 82920 51686 50115 60101 
6588 20
42352 1988 75995 75758 47631 66794 7618 38766 50826 49067 36766 88210 82960 2159 48982 98341 19537 50809 37636 60125 
2943 20
56722 56395 89074 61497 44522 4916 14627 8051 34734 35038 38998 10040 42824 36728 90985 68857 48077 11954 68429 19155 
9294 19
68640 37479 33522 72711 87581 96726 97076 57295 89243 48181 16973 54341 42080 37909 57516 747 23597 42870 7009 
1154 20
13341 45281 22384 21593 78403 36558 82830 38244 33249 33886 44725 76263 89411 68390 4517 94666 93107 87964 28816 10939 
180 20
72660 98128 84541 75870 97815 22770 862 87213 52970 57753 3243 56086 31588 54866 71005 35394 53633 79716 65750 20863 
9291 20
28222 55315 49163 90997 18754 31620 61965 98661 85620 66701 18872 53569 6043 70367 26874 28135 21108 43178 67203 77294 
5604 20
9206 26363 3229 75707 95456 26512 98019 88745 42354 83291 21085 19539 63423 63689 83808 89538 9978 60539 74267 98615 
2590 20
34053 70859 5742 81087 97615 83513 45635 43951 24522 90452 59603 45069 29997 66541 42927 58315 37688 78111 54953 48875 
88 20
26920 28074 15842 95943 16004 9925 71517 87879 96717 8235 16584 42841 92257 30039 83567 64710 85299 2478 83687 13921 
8931 20
44975 99045 19568 51296 14270 48430 78860 64479 5681 30542 9389 46470 95780 73278 14462 68618 85129 73422 79669 56908 
4395 19
84928 66605 90725 91034 82899 77725 19596 14023 93784 94303 91851 12772 69050 80554 78663 97933 93942 48010 68609 
4813 20
40613 92336 53605 4381 44893 61968 48889 80961 33141 46409 4925 81110 94508 80023 1619 33887 56513 80938 70504 79227 
8390 20
83316 60519 87760 9561 27709 56049 90497 17788 42303 70232 18962 49743 65036 32568 48266 52167 93150 44742 90866 1030 
5551 20
30948 96884 61909 35382 53504 16393 69726 42531 2612 82686 2017 12935 25876 42489 40140 99068 2528 49872 46752 29773 
7734 18
23806 16254 25989 76638 41152 92277 73853 70372 47672 95683 12479 90738 42257 95387 59922 10068 108 96541 
7833 20
17284 65603 15040 25955 82706 77924 48921 6455 81100 76171 13335 13413 75439 28263 951 96292 27970 28929 80729 55296 
9002 20
91892 37414 12124 74681 86336 57226 2591 52024 62316 13716 14234 39863 77985 49905 58943 99659 31122 42901 34020 16782 
5423 20
1773 45970 16272 49455 94963 55156 28551 9815 35455 59012 21946 46430 95207 1409 70050 8351 27803 31739 50200 68353 
9847 19
98774 25360 49572 51583 96190 34886 37905 90236 85170 76930 81346 11764 86436 67470 83320 42249 83562 40102 31148 
1985 20
36762 21711 17474 75766 53075 85728 52897 71188 46771 79703 77460 55034 12654 72046 21684 21898 61947 44967 50199 15175 
3764 19
84960 85103 60792 69583 89748 69806 6181 60695 26712 4642 56429 95518 71135 33508 51167 76664 6290 86064 75741 
3134 19
48041 78031 56152 34939 79014 76719 49408 24736 57609 57795 34373 35068 85767 66699 85527 76660 51206 96407 67351 
5761 20
82127 49440 59747 58793 77951 58848 13204 70757 22202 51586 90546 19707 83633 17367 82537 10195 7101 9465 90886 84117 
124 19
72008 15639 50535 27245 24050 22781 61355 85089 14060 15396 14797 95809 42217 59965 24621 1761 73992 19998 98554 
6446 20
69387 98393 36923 68205 26401 78839 69144 58291 97353 99013 53448 10142 35871 83774 27618 66792 15900 46530 35735 68545 
9795 20
34002 6194 51869 43506 76529 20885 20434 65418 41804 66744 40005 76716 63213 21198 27957 21612 47305 91990 17117 82816 
2830 20
81508 74125 52506 2023 24754 43765 65030 69904 50999 11521 17347 2816 93477 3571 73779 27169 85802 22923 66058 62515 
7512 20
2705 45226 64757 76456 93792 8122 64121 13473 35094 50060 25400 63912 32530 76140 90572 26310 74 88722 60390 50160 
4473 20
50710 91984 4317 43064 26005 51623 6122 81713 53865 42415 18569 23389 71325 50259 80782 73746 62394 77021 49167 95684 
6821 19
95339 47392 65710 99232 30421 93884 64475 36401 40734 2614 82842 34765 40424 74059 6120 85849 38721 13254 1631 
6924 20
74130 79444 99091 71058 74778 63846 79063 321 11872 914 72342 72444 21608 52515 85194 17326 28224 26289 35243 437 
3597 20
44464 59146 40462 90138 15572 37962 55285 73670 12667 43268 82493 26650 30212 76133 11413 84345 10118 95110 90342 43181 
1478 20
16541 29280 81910 40915 94114 94760 88154 59763 16091 11030 29736 44076 95287 70272 31959 21990 99281 3165 56764 89956 
8521 20
72412 83416 55003 64176 45102 6293 86374 14317 9525 66555 75115 52981 49863 5922 98065 86004 92700 94592 3523 53094 
2595 20
6211 32210 37988 56102 53077 20237 43589 65394 85163 4574 7402 74434 24051 14294 89403 99774 58789 21527 68600 47277 
5172 20
71104 863 32583 57587 6742 52564 67828 45727 8430 40985 78612 17102 5955 52269 22553 51447 70466 24432 57499 4624 
2991 20
38343 80187 44075 465 60312 11897 37044 35481 36568 37961 85266 90602 11800 3424 71546 18985 69656 5604 82300 16259 
1743 19
24247 80002 24269 11480 20821 87627 76602 29366 12591 94296 50948 34912 89597 65475 68503 12481 9692 23004 50750 
5171 20
53013 32968 71222 16578 10543 30835 72316 49129 35832 8111 80163 59834 72825 52278 98516 58294 57161 31258 83485 22050 
417 19
47041 60189 35858 93582 95889 53611 24763 15324 96586 54617 42052 6910 23860 1989 99685 66048 94957 10368 275 
4951 19
47056 28703 60464 96872 94786 83976 81802 58531 99435 17051 17168 4648 9077 60946 97325 80866 84586 54317 79988 
1133 20
67618 24559 35861 6023 48670 50898 23940 20708 80544 84375 87020 41188 22869 28103 20269 23045 4635 89093 41625 21741 
814 20
41032 97902 93376 54707 23036 50581 5977 36942 55991 94732 52641 75362 17022 49076 74620 63855 46466 84488 93737 84848 
2115 20
40196 54155 99970 62652 70698 3811 72783 52372 67550 50089 631 28285 56731 56546 30329 99988 57393 44940 36470 82299 
5873 20
97334 51111 34432 64148 11228 26816 10884 30683 52916 71845 49162 80581 45383 76811 42960 68214 54746 31494 72106 25664 
4381 20
54841 81256 47841 18215 3505 58217 4894 24950 21975 31979 38524 75947 1852 1734 40460 50195 38669 46161 49126 89736 
4750 20
12153 88763 58125 42356 96351 54443 59189 83605 89323 65542 33987 68822 71773 36626 37091 27589 37214 20032 5762 38488 
1807 19
49334 55560 89163 90073 88360 88738 39933 77216 99187 63275 97929 7847 8010 93474 86753 94259 60598 92886 48294 
6468 20
15038 84678 5418 43956 12308 70998 6743 3664 38772 45359 93445 2730 52653 33024 60710 39842 68680 81275 29476 85490 
4430 19
37464 11400 62452 52219 58755 81339 1557 80658 44228 92534 36836 73238 68883 80369 3216 12679 55012 37523 93730 
5697 19
80194 85458 1121 70873 31031 20694 87577 71978 15736 64853 95299 55750 27942 22237 87279 24566 66684 60488 46481 
5530 20
70492 28038 59019 71384 81028 8809 19170 1436 78721 3036 76723 6221 95967 51062 59366 38569 36305 94165 15173 81846 
2269 20
68373 24443 60244 54550 96225 54049 27432 16400 83406 96431 77141 48995 79711 21349 13151 77337 25367 7341 37632 36013 
4713 20
20958 79089 4500 6256 70362 20393 42024 86903 76521 55232 2430 72070 15233 344 18798 47016 15110 97498 7840 16018 
2655 20
80016 64957 18033 46808 83632 79903 81355 16138 33581 55319 90550 84924 68865 5767 69053 57456 78284 20397 29910 89725 
1453 20
15385 1339 17714 49749 22832 28208 24651 54983 70749 12015 39332 51412 56190 25123 61255 74243 59341 68226 66733 38811 
6134 20
3 84770 17304 21341 15130 83989 16441 88845 28511 93362 14464 20223 46847 15983 59575 72197 54442 53746 8314 58272 
7843 20
9526 9698 17796 31352 77573 42817 74467 38684 99266 5667 75591 15016 13585 44404 20265 31208 45791 3970 40070 40884 
3622 19
12239 76681 75569 24612 66237 89331 80674 44900 17060 95080 57909 4741 11707 1945 73330 17987 90636 22725 42567 
3034 18
41881 91869 28057 64825 97841 1035 70245 67044 69266 88522 25349 50059 65198 64024 45572 18416 86482 44302 
1618 20
37148 59773 27330 59552 52505 30245 87687 2216 19733 36 81907 16210 41190 89628 39408 34808 30016 97250 43601 98289 
1752 18
3907 14089 63175 83265 78980 226 6294 50923 34219 66285 14251 56345 40002 30714 32922 88425 97137 70743 
6236 20
89773 23755 6736 89011 74537 37495 43916 72514 88550 67257 71100 31748 21997 97316 89336 49075 46152 26472 95663 85494 
8482 19
63112 57165 81431 56376 70288 48488 47033 15793 78597 16809 61594 73754 35307 96977 84574 79819 37324 80066 67501 
9432 20
89583 81542 69921 17858 29522 42127 11793 2249 34357 98418 56335 82880 16250 96975 76675 95835 43546 36104 1915 11634 
2079 19
49369 60294 96654 87837 87813 81842 9323 65350 10174 47464 72866 22275 24382 13037 3333 87657 58472 49627 82091 
3459 20
87562 8575 75515 71217 12206 77920 53358 55157 28136 17120 24874 10876 57400 33307 65964 25755 97886 87515 22522 1678 
8363 20
75160 4338 10067 12905 22066 21268 90492 58215 52197 95698 17958 21457 19297 86460 79757 421 13267 77027 24495 8218 
9701 20
86794 8182 65966 15781 68342 1052 27268 1525 15834 8094 31395 51074 62016 83698 72243 82937 31118 91110 2818 25174 
3074 18
92498 21746 1016 63173 37009 61127 75486 24574 32454 40967 72959 28384 26264 81360 88267 82820 88537 61306 
9013 20
75957 49605 64041 92583 23750 63012 88859 28809 45327 56101 47364 79910 46927 97195 64716 33431 52400 56551 41657 73728 
9070 19
78692 79699 78622 12301 18941 12507 95459 26864 48849 46400 1833 22344 18933 41616 28391 34749 95623 50741 78830 
1516 19
7187 54631 86602 35392 6026 65931 28928 25096 26779 68551 88346 89052 74133 38377 99725 21851 75545 25771 93938 
486 20
32434 31791 70433 28477 78122 77753 92872 16438 97830 35600 30785 74082 62384 92546 57487 21153 17824 1886 4790 80033 
470 20
34263 84614 71140 60568 72655 34110 75916 83487 84652 65050 7128 85789 58852 30681 54586 84978 50532 61793 72346 42465 
440 20
92904 97381 51407 98786 64025 14865 22669 90229 22051 96386 81887 75875 72845 88277 22116 52863 29751 17196 52208 65068 
1963 20
6107 60410 77314 53039 47421 65636 61203 21730 41579 41118 33341 85379 41207 41602 36653 22925 70641 27447 95370 36219 
6717 19
28162 14982 68371 33661 41992 36096 18904 83653 2492 62589 52310 32544 87993 18367 95454 25539 74352 40088 26392 
1661 20
85544 63329 39745 31834 75322 35534 61243 78657 24792 52131 99581 148 41620 38934 54200 88907 86486 24511 11558 51298 
5030 20
19728 42899 57136 10444 53718 8186 63887 43874 1763 44278 52071 36814 90423 35724 36144 99897 66633 82133 30735 98456 
6370 20
427 46583 34253 37690 25601 48312 40362 84683 43840 93433 88380 18097 33734 32239 94898 93870 60385 91160 3501 32566 
4933 20
14509 1839 84850 20475 79794 23819 67725 20954 12876 17651 8786 39705 93439 94648 38428 26349 23748 92209 79686 26933 
9836 19
32046 32683 64956 65991 85288 72558 63244 54368 10156 15151 37094 79991 93608 34747 92220 84746 78858 49563 46523 
930 20
50122 62830 77709 60154 64593 24536 30940 69882 68671 98123 32075 64149 24066 8878 31670 68975 55988 76659 15374 69252 
7338 20
95318 32836 22529 56161 4659 84645 42876 60799 44533 44353 41679 12927 20506 53832 26694 35371 33146 67426 37339 84415 
7218 19
88476 10604 7404 9385 45458 75619 21624 19101 68180 17868 51664 58235 67526 41014 53763 46565 49821 91340 42873 
517 19
73642 47947 89982 30055 74050 54076 54503 90605 41481 45419 21012 57333 81806 60630 3476 74245 46862 79584 49599 
4275 19
32042 47970 99148 93416 70417 2809 80800 60857 98905 92110 21220 86342 71821 46631 63686 95189 39744 80892 86091 
2100 18
61905 46250 71192 53743 97726 94917 5865 35427 79502 83379 8045 30916 54872 59515 81719 23256 35894 54967 
3406 19
91345 2525 67680 2838 33196 36740 82917 53507 86708 86556 37390 66604 39556 55139 82683 77535 84299 3749 22649 
9550 20
62549 1235 94058 65218 77601 41342 4066 55522 62462 7589 24547 16900 72705 78565 84170 42609 72989 96624 8236 13768 
3407 20
56627 10902 98202 44095 76951 49376 15630 8722 62572 48469 83592 23169 60096 32395 13860 69065 52696 85147 79535 1747 
6189 20
72577 80523 74773 35704 73003 35114 55154 75602 27676 60912 55709 29089 38508 27544 77413 16253 84448 99320 57806 28025 
9553 20
33033 42722 22616 73449 323 66104 64309 44997 21529 78814 10375 45017 22578 81772 15090 95899 84565 87340 86467 60561 
5450 19
56603 57238 38670 22566 68959 57511 77409 82616 29993 52840 53752 14522 53725 65428 71235 63132 15446 72058 59419 
6602 20
71718 69698 64012 86127 5244 23964 83015 52271 63803 69991 66197 24465 93392 64584 24284 33369 87723 80221 21751 65253 
6633 19
3560 91131 97717 48990 66888 28747 23120 13722 7343 27148 4861 46796 71810 38820 69673 78792 12603 63971 50672 
6669 20
96915 1918 67049 35314 76938 1889 92111 23109 85615 77258 13095 3242 1901 59832 38592 70627 99363 83505 42918 85781 
1525 20
62072 22667 93090 84745 56296 24060 91112 42323 9687 59789 9352 68314 16791 27961 73558 53366 95293 94367 88997 60421 
4250 20
98758 59754 6612 66035 12544 25688 8404 4060 22377 79679 71909 95329 25963 64845 20049 16418 95498 8999 89802 89315 
8139 19
69867 93749 68501 87734 56008 20698 35907 30109 56432 54522 15831 12427 4255 99605 8074 57494 67726 98805 10964 
2429 20
14201 11092 8951 65499 68148 87863 16390 49180 11679 66504 14546 50104 79520 2292 14625 85520 57579 37185 80317 19201 
3545 20
62319 52409 67367 11624 5685 51188 40498 70207 21320 24607 6648 90854 78285 14653 25525 96911 13834 35466 94688 76042 
5833 20
53944 78707 87141 56234 71847 32656 474 36829 31143 59226 79243 35847 18789 92834 6727 88336 20500 36749 7966 95441 
8976 18
10516 6077 12849 78872 11277 3108 73120 33228 43847 935 64180 7834 99108 99779 89239 82073 74851 53060 
4855 20
85241 96900 46226 51015 48909 21275 27092 60112 50795 66955 74976 96302 44135 68090 49002 42704 1671 54726 61824 61253 
3605 19
31578 90870 27779 8975 45987 42192 72147 83102 13642 94252 61346 23769 83853 25793 4942 87257 66554 68443 98521 
1815 18
53452 66241 52911 32932 93261 77584 62223 72742 7803 11472 19271 73409 39778 46231 96408 36287 72567 20432 
7702 20
22798 8305 44954 81986 77442 57316 95141 23592 44431 68778 29319 89217 9761 84473 129 5790 42188 45200 10293 69145 
1803 20
90642 39287 11354 99959 60834 66257 88812 65450 49557 20220 6187 99296 55820 4666 30171 29714 40407 4746 74092 15430 
4828 20
30359 28147 19797 41459 91043 94398 66981 24457 54907 21408 80393 51609 91838 32776 24202 44288 80928 18825 45350 11114 
3215 19
94834 51720 85996 29694 87224 19258 28626 17979 9127 87041 85233 16565 23408 76153 97697 56506 48973 12289 45484 
2708 20
83932 57484 96343 75651 34517 14779 46311 42940 74184 56282 28024 43114 37677 14008 64931 58419 39506 73774 82422 96552 
3557 20
13712 29299 63197 78521 10628 1414 92543 88257 91890 73815 74202 49773 68202 67424 82178 74924 46084 72189 48606 32255 
3103 20
42284 2609 52451 19581 84817 33283 61016 24362 87541 26361 66861 62969 58485 85661 29529 55734 84707 13378 34091 15670 
3301 20
89106 71697 4023 40547 96993 70229 38908 87044 31788 19561 16442 35755 17449 4947 8738 19556 2972 92476 1990 25109 
9418 19
38012 6337 73199 90469 69177 92734 26456 76325 78381 23166 91655 62226 67217 20980 94844 74813 43477 31984 55364 
909 19
3975 92502 87173 17502 31093 87262 33171 8163 27663 51278 75877 42366 1692 94417 89774 68062 65927 24854 53707 
9007 20
84699 81262 60182 5882 92554 29593 59658 80807 14445 4163 14134 35901 95500 44806 20795 43561 83338 20561 12347 80618 
9873 20
45056 69032 83456 13861 31850 61023 69151 26306 95099 4663 34943 46637 21049 96284 75357 43377 12600 31740 786 71994 
7088 19
23859 58188 85703 10166 29514 57061 42986 67545 8631 27637 27839 45307 94375 21222 24928 75544 97301 8412 4075 
4320 19
42132 17619 48582 62707 64836 77437 830 22018 18150 72292 89483 23979 1680 6675 33109 38599 61953 69719 15289 
8613 20
63359 36244 89288 51849 69355 34023 1713 9037 54571 1234 84969 28574 46159 128 90998 34227 93189 50683 40149 91488 
5439 17
51725 49521 10570 86027 86206 20181 95183 92296 80092 62001 11942 24440 60442 838 96330 74913 75089 
8516 20
97292 7934 12477 47954 69865 91035 98294 71570 37749 52966 39338 46251 52095 40117 8108 44249 75237 78660 74223 98274 
9713 20
11934 95474 19566 62078 67220 91090 6232 27696 2191 30492 78852 16817 18116 48285 23881 68845 80613 60065 54868 25139 
7164 19
93598 92743 11034 26683 88532 89788 15824 59655 11250 16300 32675 1126 11969 1665 51927 51026 4667 46932 43695 
9488 19
46060 64962 69093 38918 88831 84273 6478 48457 65138 68383 56445 35734 2066 54925 29148 83841 28230 65239 15888 
7044 19
19378 64793 90484 74382 5434 28427 31676 80696 3822 32077 97215 7181 95244 2768 31924 68706 35737 47887 40101 
401 20
75380 26745 48257 86633 61483 17057 13170 76985 76566 5896 4749 45239 13769 56920 20960 88244 58449 37875 2236 54414 
7050 20
66657 85014 35575 63853 39815 11958 13613 84806 37230 57452 21397 6540 53270 41269 34199 54619 45019 37315 79055 40683 
5917 20
10382 43678 95004 26981 65539 27465 44745 75324 61071 62847 27251 61491 8769 78933 22198 49539 67427 80670 84627 40222 
9821 19
91297 59651 39547 78544 21714 63208 98068 47720 95071 32324 13743 56717 50004 93674 53120 58818 63571 77756 39084 
1401 20
36831 63672 99567 77727 89744 88283 650 85309 21662 4430 41249 40839 18325 63603 33765 25313 35776 59882 32087 10209 
9656 18
77205 60770 67639 69692 29505 96574 5714 52737 46988 52553 40244 74266 28586 41026 67172 58660 84892 70693 
4863 20
62723 84737 83980 23304 45776 21759 55508 7020 14433 16770 46266 88676 89245 2632 99373 15612 99144 95228 79209 45500 
3147 19
33718 38394 19203 53785 68113 16008 65986 58389 44216 13856 86080 95372 95666 49251 2318 86918 10737 66151 99293 
136 19
62274 59705 44802 59229 71630 26421 89139 13762 91654 30890 13761 96918 43787 58009 98607 56992 40032 82340 80739 
4387 20
99666 13442 58918 40262 40894 94306 72884 72096 31932 9395 5374 58327 35950 65472 25562 67898 71236 56953 78543 87709 
4145 20
27858 94869 74678 582 46297 85829 17872 63541 92108 17431 97083 42562 31357 15333 40349 47120 74187 41819 70297 81685 
1071 19
58381 16958 51129 95131 63642 93264 18563 6887 72878 95206 40591 71649 15724 6476 37300 32627 95444 69803 54740 
7516 20
8224 54684 23092 25892 32105 9207 57087 82512 46465 45618 35605 73740 72832 39664 33682 44872 4378 91721 70559 8639 
2761 20
94016 27433 63322 53753 99504 24111 41063 87746 23168 13609 51639 35400 51499 75348 32886 17870 47506 66730 76196 43486 
5460 20
22269 18760 74362 80838 97984 70349 21064 5330 7083 68798 41157 32059 82383 5789 8816 44348 37802 86940 8234 27625 
2052 20
4242 47943 51723 9028 90795 9021 24808 19915 51552 13676 81526 3675 23868 41650 79375 23671 17373 67046 35474 67938 
1318 20
95654 81761 80494 10334 53550 33648 15196 57100 49411 98679 44748 97398 29097 31460 61901 55870 30334 99962 82763 14868 
6956 20
51299 96357 9618 65207 39583 17917 51266 51478 24652 4121 95428 35034 91610 23222 53783 41029 69003 44889 46911 12022 
854 19
41059 24645 99670 20317 5310 68050 41186 30572 92231 70000 78498 95779 38894 59377 81781 22817 59807 59064 46127 
949 19
8189 85625 35429 22710 96095 29480 83829 44036 46937 51721 27370 70208 75318 86022 85340 16433 99103 66774 81237 
281 19
43663 10581 20667 89640 43427 47053 36781 1500 71018 90495 22164 77729 48546 81944 59726 39299 13010 70653 77402 
2023 19
64230 10811 4709 65821 44072 89505 71120 3966 65288 68773 68558 29948 32472 19183 14117 25754 80121 17888 96004 
5481 18
76109 60798 91537 73486 92815 26812 32556 63430 6010 77802 27096 91840 11602 87430 32190 35425 22218 64489 
5006 18
64415 54828 54408 53649 91079 25614 95257 21514 6050 30427 35815 12938 50106 57867 76702 18289 46101 39830 
2957 20
65272 61837 86534 7117 85993 30778 14432 53080 32919 23816 54888 9027 58996 92555 98914 55932 92453 54493 47661 47103 
1812 20
86931 85113 54479 90159 66766 87679 89741 53322 87752 52496 40192 52135 38890 26813 81393 97811 89310 78702 65584 78892 
886 19
58244 82062 56359 87083 99355 74639 31949 22617 96329 59837 99704 39817 50608 1077 8700 46596 73724 18089 95729 
9951 19
64155 59129 49895 23612 83863 75166 79279 44718 50703 30497 6896 29724 93979 77165 51430 50730 15113 30746 99083 
4431 20
63847 17664 28784 55114 57498 14772 7277 45797 55444 91132 41337 74076 27275 5799 79125 41381 60032 86464 18859 38796 
3591 20
86139 78294 27866 83310 24699 97822 21848 75978 36412 41652 58816 69047 7495 74472 43479 85637 47889 35134 31468 82769 
3566 19
83078 3879 23447 21913 45854 917 23914 87341 95612 34244 41308 96537 94099 99332 21248 82110 38042 36185 46784 
1485 20
76026 55995 56084 68523 9283 63188 33775 50290 22952 74662 17274 91393 87854 20796 4679 45290 68201 47028 18868 1268 
3844 20
99259 45800 74506 77980 23640 27198 28254 47994 22443 73669 81936 77212 16535 9553 63905 56014 86247 48097 57808 29882 
3038 19
54771 83715 35781 6670 42724 74535 88556 39108 77621 78023 77961 6021 87132 39175 85081 15187 54995 15116 87299 
3761 19
89142 18111 97569 41286 58738 63048 68646 9296 88316 39340 95687 51684 32960 6914 68579 69288 55676 36152 11607 
2631 20
41551 46628 53154 86463 72913 11334 91910 92325 98470 95646 51443 39248 30747 65968 63405 49839 27196 48846 28844 72613 
9487 20
30970 62805 35812 98040 24335 64606 32525 75389 32426 6038 72923 42850 2958 32950 26750 9282 52169 75819 76083 54543 
3692 20
84675 27122 58050 32337 98199 90684 95765 82410 79850 47666 75346 71974 32145 54316 10590 33892 74905 19130 73131 74701 
2305 20
29152 38883 34646 75993 97576 89882 51651 8465 74346 71856 68432 75577 41775 15683 65640 13779 67030 42829 68312 29008 
1492 19
43939 32637 30988 77029 84349 75541 65481 92549 71838 65626 13563 70166 52358 85652 42748 56758 89478 19638 38993 
5989 18
97000 3142 57364 69041 40063 80697 99033 62547 71362 46964 44621 24230 9030 68220 35174 39514 12405 94712 
1274 19
27435 71581 66288 76576 7690 41491 78981 60824 61181 65240 43074 54462 4021 48214 40020 93789 82843 23872 83511 
5608 18
31736 27604 77270 91541 55890 77152 25460 31023 5011 81161 72801 88551 47547 66487 19034 80381 95222 77010 
7920 19
22341 82750 39962 32889 42019 77123 89857 99381 5772 808 13218 73462 74158 7006 16447 88474 12732 9604 77008 
8896 18
96932 95375 80737 64989 97426 38522 32486 31074 82346 45229 20100 83277 57153 48716 31674 69415 9647 76707 
8834 20
94166 17043 15140 33122 28952 27208 66250 29971 94079 24810 47536 20112 26969 73288 32461 57592 69488 27790 80124 47838 
2468 18
58641 48757 82367 84408 75860 59586 92160 6745 15132 64188 67246 97638 55111 22455 4270 71515 76499 50910 
4646 20
57217 89107 61592 61007 30050 73883 78733 37218 99991 20136 89958 64540 94651 74853 8376 21572 47445 36223 87555 52237 
5044 19
75461 22530 14489 68627 81268 54043 31816 91104 19821 25110 27376 95696 43088 52869 31022 25684 46512 61145 35396 
5461 20
50257 72238 88485 78676 70664 95694 14409 13949 367 21446 52004 16859 75345 81599 37068 75103 92474 84923 4625 98529 
7763 20
22963 72077 14149 4436 24817 19066 12655 24533 95513 13082 64178 5361 16058 95717 95144 68755 21690 21400 18194 70401 
7307 20
94495 7843 98806 67741 22807 75500 69264 82144 9078 48963 60425 1736 2575 83317 86853 57695 80389 22940 89015 62934 
3547 18
34331 49047 79320 71151 8106 98490 66303 68263 43386 46446 11006 43770 67381 49233 18037 76963 19858 68797 
5108 18
49875 12918 79332 35036 57384 94578 18639 64626 44397 14232 23862 85404 32043 64238 33685 22017 81021 38650 
5871 20
35879 86954 25723 59699 60195 281 52472 97376 74943 91276 585 37162 37461 89828 24136 49451 73504 81484 71203 20509 
2334 18
79501 3961 8620 7992 24924 58380 59955 31041 91457 52364 47801 51587 40458 69276 99641 31677 62145 86288 
2295 19
94482 70899 22146 65724 39973 42630 72977 7720 57390 98602 53545 92423 77952 12395 17887 86721 99188 98839 58739 
7544 18
30934 88862 95545 28023 20078 23574 91815 31305 44018 26082 67706 13399 38212 13364 74945 91142 50145 19966 
8110 20
94203 89872 99527 5736 73153 45337 38936 72146 94374 56984 34147 13435 31303 57256 14359 72192 91336 54565 74360 7508 
6422 18
88776 65229 69829 46069 66921 47794 80055 66875 63944 35634 8087 24331 92412 5889 32406 52344 50202 32920 
3613 19
27244 55759 44158 37763 28634 4461 4368 19254 43355 31038 26915 77609 68941 30742 25581 14696 21856 63209 91166 
842 19
95750 84711 20918 52592 885 15528 2089 64525 89466 17708 33364 85173 75689 58953 86601 55491 24743 23520 74515 
226 20
83398 7484 3913 41896 5523 90399 50448 81207 35050 42972 1954 20514 23681 47086 39376 32160 77675 45513 31614 3695 
9800 18
16573 83343 87909 62235 42314 23887 62670 4382 39110 97820 72219 27170 29173 29458 84088 72334 37308 21735 
8046 20
53756 53710 48638 70965 93679 51652 13731 67877 70753 1801 80588 52846 47686 19009 89532 16932 35624 59572 9462 23451 
8973 19
20203 75414 8089 82094 94822 43139 54002 42555 65888 76599 32010 35726 80592 3804 6258 103 18526 72550 16911 
2373 18
60599 57460 95985 80114 92511 99184 33766 29834 2562 60194 81065 79075 42763 90410 91996 90475 12505 80700 
4042 16
12940 66503 57011 12077 99660 91056 7293 99568 98479 61435 88417 19164 23310 52535 77494 95977 
7223 19
70059 18879 67807 19198 95218 70266 59305 27130 52320 83700 23151 20730 89055 99790 27721 60703 15989 10849 34182 
7454 20
17645 40925 4424 65962 33783 78091 31054 62802 86612 64954 2689 2732 69299 96982 36989 68045 96529 70501 47915 60581 
4350 19
461 47931 69962 37207 22032 63488 74566 63922 4595 24984 92255 21419 4891 19095 47900 65685 10101 11263 11799 
9190 19
19799 36196 73766 18878 69650 6343 37077 52626 82163 30253 50787 64270 81730 1958 50452 45448 26855 85464 36270 
9071 20
90759 91316 9845 40649 2797 25835 41982 95547 96832 83218 21056 86439 31204 42509 71336 12463 48724 56557 69935 67721 
1911 20
24368 78979 37169 32764 53101 43423 61157 31259 78756 67841 51734 86319 48403 44359 56231 13741 31051 31521 49484 3875 
6371 20
29277 27141 37767 75638 16378 96124 64705 71975 47290 43838 74896 81901 40283 65974 83832 72420 42036 85169 2155 11657 
4938 18
83616 51973 78429 1015 25904 68058 84557 3511 61107 79391 81378 68451 18616 78176 63177 14537 88649 96512 
873 20
74841 69268 70023 72629 51555 52468 58891 75970 79035 40448 74897 82000 18274 26751 55579 20673 92375 99080 7037 35992 
628 17
33164 16679 42971 45334 61628 45245 64407 71262 58733 44501 78452 87939 17547 46097 19376 76976 89868 
9151 19
69350 49325 64454 29763 52753 83569 95891 39121 33175 82145 87444 79959 4327 87691 49083 59721 4598 30530 2175 
268 18
21054 67623 81467 1221 26520 78859 55432 59143 93039 83737 79130 23276 19026 27501 78162 71056 40478 50837 
1204 19
85773 88684 86720 97140 27545 91388 64777 12557 78355 31487 691 79823 6582 58673 29562 11271 11677 50420 54349 
444 19
41619 25777 1892 94801 33829 80636 3077 62467 53963 46666 75863 50386 21992 47515 84956 31693 36998 55257 47918 
9742 20
4826 69883 92795 86457 37219 15139 34822 37045 15636 90040 63731 24423 56708 23257 90908 62083 41988 2043 85282 16453 
3026 17
22250 5173 91727 77345 28839 2743 33065 54088 96927 46120 95553 6166 9895 34292 77824 59567 26360 
6193 19
14845 39912 86553 46958 60882 3566 36402 35872 91125 30943 9104 75383 99532 81647 90838 80380 6591 8650 48885 
7017 19
56804 23908 67201 88873 99676 24393 59088 64645 11293 33816 15917 82204 91928 7207 68073 72638 41110 3454 91429 
8397 18
61890 9817 49023 44684 97489 72996 1354 93644 31618 11403 11572 31210 65404 60563 5590 94061 51866 1579 
1334 20
83091 61348 45848 8339 22186 41435 56533 18461 63640 6596 55424 69265 27934 40785 90367 95044 5880 15579 90521 26470 
2662 19
31580 93311 1411 8780 33380 47660 74261 17141 85479 87757 53561 9764 37215 63189 57077 40153 14649 52404 45575 
3205 20
48744 30243 40700 89005 34194 96931 809 56958 84068 69207 67438 71591 54008 82634 78036 20758 69228 42953 72304 76807 
7215 18
71422 71225 31435 3786 31228 40909 26852 74385 36227 44747 54209 51469 5056 43626 2668 79452 9900 96816 
7278 20
64332 8948 35900 86081 46903 64488 81138 19675 35771 22653 72239 50232 37699 45108 99744 48621 16466 39541 68790 52228 
4630 19
54033 66660 29479 82768 368 79817 7100 67946 28823 91356 57171 84525 47610 48216 7177 43959 84719 69243 72945 
9223 20
19206 21969 16943 79117 97985 8897 49304 91480 39553 65343 91989 99925 4591 51677 60316 65124 76369 65671 13571 82751 
972 17
2389 22442 23737 67061 16153 90445 2497 41005 35199 17859 15185 47495 27474 60423 71103 42783 67802 
6230 20
14876 37877 10744 15526 63588 1602 64171 42853 54422 43039 48310 79637 30526 12152 81889 27084 42294 14925 87965 95009 
5164 19
82170 5217 47743 70548 86577 73833 53324 84369 36117 40348 50794 27638 81659 21399 25995 25602 30040 20458 99252 
4532 17
71134 93917 92526 64100 92946 27178 46561 42493 41083 30403 72658 9004 97706 15673 91673 5467 2569 
9582 14
68781 91380 80930 75325 76051 18295 26027 57117 82593 38096 62732 79771 72460 65333 
2313 18
30250 19442 84401 46411 92673 70097 17685 28460 58997 35572 29926 49659 43444 83069 54338 18885 47687 96096 
1537 20
2729 10681 17099 61374 83836 54007 77438 33275 48693 87307 6451 97801 74527 86409 37321 72268 12074 42729 91907 69114 
9962 20
32814 84389 94146 39096 92955 58369 29450 93742 27352 88430 94676 73156 23354 75876 59462 96903 65389 61263 57707 16559 
5691 19
53533 64446 99953 35029 80721 95249 70937 79199 39093 87170 33677 63007 50772 58108 35215 29553 74690 92145 69411 
9577 18
49745 35161 81441 47865 70471 83169 39698 2887 32744 83488 61011 77890 82330 25852 47131 21792 67762 22691 
1412 17
59640 84700 16953 52786 28802 48450 80257 22126 12127 6274 88743 95001 25377 37952 758 15775 20562 
7085 19
49080 69555 32294 18898 18032 11216 74389 1085 92421 59008 58960 177 45590 29796 69414 90552 22645 28941 65478 
1785 19
2644 75745 67301 28923 65211 4612 26014 71438 13637 20710 23466 83641 35779 8805 89629 3713 72860 25081 23543 
1302 20
60380 52201 87842 80169 86249 80925 10070 80549 77959 44582 59592 70175 33320 64725 36161 30149 37395 10683 11106 78333 
1574 19
83151 27993 95635 12155 36976 44988 13165 23175 64072 18382 82845 51446 48937 27191 60025 69816 79634 60513 38637 
9744 18
70085 67430 96031 85878 74301 1606 98560 54079 61474 4325 39222 6025 12058 62339 25851 76401 52079 60736 
8477 18
92382 64335 5189 39721 69391 42039 74320 2488 17832 98545 63522 68110 19176 77580 1345 93866 77335 94715 
974 18
90806 34577 2107 36841 75170 52876 52218 95871 59541 50584 29246 44538 81697 81788 8501 18023 5647 18860 
2065 20
80974 81298 97684 20447 75920 27879 72615 55547 57532 97799 43614 75472 56967 86063 32432 91884 93607 68313 82327 96522 
4433 20
12864 94976 54230 19352 43036 10802 66372 68362 84020 46541 51197 66206 29276 23365 27731 63561 38711 53097 64294 51203 
8993 20
3099 80539 76163 33743 98136 87988 44224 77108 17124 79606 847 20746 56391 66780 92714 61528 64519 187 4825 39834 
6836 19
44567 73748 16538 46021 47880 34777 7098 13539 8810 11927 35649 9803 43972 60963 39964 76334 43887 63685 2475 
24 19
77741 37301 17724 62132 33209 47774 29104 44558 68370 264 480 1864 88984 46348 51615 79114 46741 90615 38835 
8531 20
81979 1931 18210 45256 63130 36364 36051 87376 179 98543 30210 52444 31881 47191 64312 51681 65222 29678 95539 76901 
6258 19
56382 18399 4743 40405 6905 49500 39742 91261 61990 2681 79538 86338 52036 64880 78186 99517 1626 18166 89297 
5331 18
3955 96405 92308 64448 83820 70113 12569 27177 69643 33983 10877 92488 4122 95007 20629 71101 46233 46917 
7321 18
29943 14449 96724 46181 62345 73703 1842 28805 99333 13290 91030 40097 792 83185 15661 87815 5179 82970 
2495 20
86359 86643 65060 22049 27764 4707 92082 48434 66336 76494 45994 98988 1722 75157 14896 26985 47549 36009 65423 68844 
9396 18
88981 78077 64352 39624 54637 30473 33372 73282 29758 20884 52455 56123 69794 73014 14030 58484 50439 6383 
1099 19
46920 85532 89199 9996 81056 74087 3027 67660 1075 36492 4067 36520 45774 9047 74838 429 36238 68919 87950 
9213 20
53196 53140 85258 33125 6387 96125 78907 95002 23448 73271 6306 41888 53842 64112 47361 15280 77782 60571 76977 7026 
683 19
68152 62794 79372 12114 60715 42734 154 13587 96692 42069 3386 65377 53838 98625 13929 2189 54715 22835 88048 
1438 19
28131 81831 10044 70205 97390 8610 12833 2534 4492 68407 78128 23290 42181 71586 65681 57769 93989 1026 2235 
852 18
78418 39399 99912 611 85515 32348 16154 44029 5739 7225 22734 51262 33037 5871 25458 54763 92179 7622 
2751 18
75564 30553 41195 77763 14078 25176 78785 69810 23706 89382 68699 8193 8216 8336 14360 57073 47387 64018 
4429 19
95082 30761 26025 7073 64078 50830 46052 2710 99623 53036 42363 70702 71662 93142 20277 24337 8306 57360 94090 
3691 19
74814 41646 2121 10688 27344 74413 31459 43392 65137 79731 9338 72906 97037 6374 66869 14220 25828 20903 11485 
9864 19
87077 49206 54616 63611 90037 39604 43488 74649 3605 47069 54687 63385 11576 57304 89689 20449 7356 57004 94143 
6262 19
65048 89241 90285 15210 36002 98920 46852 77843 94372 95424 73243 67794 79897 27910 69858 31805 93060 26480 31089 
6835 19
58989 19175 20814 19634 96916 54960 89216 24254 32325 58688 43578 31153 3733 16479 80336 34849 58628 91645 9998 
5106 18
60635 6665 35103 98132 10548 48571 72650 18245 33188 5631 26454 89153 98228 92857 90346 43592 34319 76971 
3851 17
2886 95097 93541 10676 99995 38306 55857 55910 39971 83123 77962 63080 50622 56534 94392 75529 76669 
4736 19
52345 96509 69697 98447 89745 65571 9639 58834 34286 49261 8326 10008 41403 56385 64186 58432 23051 406 1236 
2983 18
73794 10748 31792 63288 63461 53431 71482 62853 96094 28723 41909 39829 86792 34677 79861 81344 22581 27751 
8391 18
96595 83387 34392 89204 92858 30772 85727 43078 69383 48123 8085 61249 53929 3636 78938 7061 63384 33601 
1730 19
62644 60663 31005 83809 61511 39910 68670 14141 14125 23635 29521 92916 2446 33137 24367 96830 19580 3985 72761 
6851 17
67363 75112 13606 20274 80767 58695 29042 88250 10621 7601 6744 75447 13616 53761 88064 10565 4614 
2274 20
21433 81383 68863 69748 50802 83970 45754 51872 13812 706 20424 89548 95634 71022 14237 18594 31581 5336 95580 5724 
1553 20
40468 93628 21370 69349 14183 19105 96651 68934 30234 2859 342 1360 34675 69645 50422 422 54830 66173 60459 30699 
7782 20
49464 17596 55517 99438 63147 31891 16366 54891 58632 22326 25794 34599 35762 831 81436 85627 64187 20925 11179 89022 
7111 17
11814 31657 20395 17912 31942 7380 30096 14747 73379 60375 80400 6803 68749 59436 27161 46877 54124 
2802 20
82962 9668 35866 23499 24226 25769 8801 12886 72496 50305 22263 99134 32041 16711 36731 96771 45811 99840 50397 84309 
857 17
93507 13871 90291 39757 38945 62602 14388 80225 81420 21563 59024 38267 96102 81804 44310 60684 25445 
9373 18
30136 8685 26149 8126 54309 86777 38801 67642 43687 63585 75104 42278 12790 11392 71619 47709 70583 14100 
8736 20
350 80692 94262 85576 69455 11859 60008 16084 5591 90079 66827 24446 33504 25964 33706 8865 51427 38512 21646 49650 
4505 20
92462 92689 64246 75328 35844 83208 67702 580 35044 15975 35914 88946 69017 68846 14107 235 60299 77005 5592 98317 
6420 19
49121 41874 12422 87551 92856 16487 37419 64256 33493 71096 27802 99289 30337 49578 33427 85449 26901 75090 24532 
3768 18
66500 33847 55403 459 91960 60994 46748 15408 43230 43732 7072 59399 98927 57134 79282 97372 63934 48366 
4022 19
8372 6158 77807 68940 90962 16987 92884 40856 29183 78996 86956 53440 43217 16473 64145 71920 33776 26964 83225 
3555 17
16427 65345 93381 84543 17501 15898 8387 28139 33318 53618 87618 12751 61331 59082 94663 35932 95389 
1364 20
95115 83629 7442 46785 31631 36175 67215 53457 50191 35016 16602 13278 6637 5480 9703 22118 43337 78179 61473 18075 
1443 20
39458 78421 74748 92590 80659 77098 5800 76758 35217 82703 40767 43248 69513 49894 49153 93064 17024 95436 38068 38906 
6203 20
47245 38825 75476 816 13548 82200 49265 94572 46185 29643 42262 858 69262 34475 28955 97251 95464 77401 63104 13131 
6142 18
73522 5618 24029 28300 62810 83565 93663 58994 67154 66960 32804 9233 50789 4260 83010 65056 13480 96172 
4594 19
82528 77518 4139 54533 59311 73947 53272 88118 27283 28316 40791 87370 44564 77467 39124 84842 75031 22614 41582 
765 19
3914 9582 32747 94373 60530 88755 75930 5981 88594 98221 56285 55065 14281 55569 77002 38161 75525 43247 61130 
1134 19
86112 20869 98064 23150 75431 97847 56435 98053 56195 58042 25465 64372 99114 4977 73491 74091 54712 92712 30164 
5445 18
10722 23504 80199 85940 49837 89421 92164 64410 51532 15126 51340 5522 34009 90210 94705 39533 26529 79675 
7265 18
76607 21032 82343 47074 72612 90462 53659 93770 31836 94937 29570 39596 86199 52049 52802 84833 56985 3687 
4831 18
16062 43605 78637 63014 85669 92101 79371 29648 76124 52585 82923 5625 69389 5375 58898 11270 86158 16025 
2517 19
30781 45412 52577 3109 88848 57559 44247 66457 20133 85778 68048 39228 74696 2596 85574 95282 47298 33849 24015 
7339 14
53848 18156 5671 32093 27500 47960 99861 77692 50903 95078 32405 29228 78398 28568 
4596 19
47181 20541 54534 43957 39582 94460 37485 67067 43980 92323 33594 76356 8260 94343 52039 33631 48456 30901 53736 
8297 18
92390 72694 215 63247 62555 44458 48359 80368 72104 91344 35806 58743 34832 30491 43510 15300 26991 80513 
3169 19
97013 27517 68833 45464 83548 55535 27591 81404 51699 21040 28600 14258 50325 39686 32833 21488 47381 61712 88523 
5493 20
38859 61873 37663 38274 42751 87767 86092 1846 7741 26780 8693 28167 70064 75666 67861 95323 6136 60778 27536 85699 
7032 17
62733 21098 54695 30311 78592 30728 96107 41860 84566 34763 48961 91493 61596 42715 84395 34568 42464 
2253 18
47500 16480 55119 89178 92577 73192 37203 15369 41436 77523 40755 71521 25107 96855 97419 225 89202 16297 
8879 18
1229 46449 77080 55425 34976 40765 61446 99081 61471 74457 21564 28665 85342 43742 50012 80113 42340 42788 
3018 17
35915 52662 42088 66797 57657 48801 95023 40816 69163 25042 97192 80889 65065 96944 48743 41392 3919 
9694 19
13030 43383 39193 42564 26048 87914 21515 35226 97485 80977 84433 727 87868 23054 87803 37977 88832 82890 30232 
7282 19
3014 26665 81565 7812 99787 999 4993 30873 74056 17475 98691 47738 90348 4569 94896 59316 64848 96185 82774 
2571 20
61811 30729 75167 9829 62721 51132 63698 78656 76717 17496 6138 95472 60640 2390 72476 48545 27805 1822 2357 99777 
7149 18
64461 40271 18504 58859 57574 55256 71742 9418 22909 64592 35757 37193 51668 53612 29920 98003 60953 30072 
4557 17
13292 38929 73277 3355 22731 13583 45528 73791 31542 13495 11372 66989 6434 44225 43129 75201 21060 
1965 19
8328 68900 84680 68267 66213 9483 35886 12158 12248 84494 82661 53425 80861 98994 41962 5083 42917 59542 16874 
5217 20
17866 80791 72548 90692 87386 53706 45659 60730 51270 81225 98857 82743 52308 65789 70659 12111 7586 77481 38185 92665 
3734 19
16926 55805 77434 67553 27769 45804 13475 64334 43818 43495 40928 70407 82323 31610 28701 52622 36570 34583 41576 
240 20
95355 37891 76683 69742 14528 69382 73126 63303 72409 54767 76863 88217 43496 1622 21367 90766 55689 28567 15674 49892 
2730 19
91768 12548 8906 48575 27652 17174 93833 70104 18595 40990 67025 60416 35101 71854 66784 18560 63811 76645 13444 
4255 20
81866 82795 67242 49819 64636 96564 4701 30433 86205 36939 72649 56287 43634 80831 86341 77860 26711 99761 86820 63616 
6681 17
81470 25917 87963 73261 18428 20095 50712 61662 34476 2919 71418 13526 62095 40452 91180 31145 45172 
3439 17
47501 62989 43263 97960 86189 64887 47302 39392 42178 82258 91591 31612 55859 10234 38761 75470 64213 
6175 18
564 47858 26121 69334 87538 97980 18537 10039 74707 74460 84691 12358 38729 77856 67606 6439 96787 40408 
7002 19
33692 35239 50958 54429 51230 84701 44080 65327 21175 91709 77826 20431 61501 75234 70547 22331 28906 28610 34282 
7915 19
47089 34481 84370 44434 44172 40240 42153 27513 99973 92930 17288 18992 31875 46346 63578 44050 45680 51671 2984 
1872 17
13028 45957 55179 10611 57820 98775 94228 62337 93092 35451 74465 86373 70689 49544 33490 57652 80328 
7953 19
91207 93054 89599 77842 10059 97781 93292 12863 69943 80570 76367 5264 55372 90537 22620 25822 68367 31686 31151 
7765 19
16248 74769 99283 59833 59560 33599 93076 5186 84724 35925 87479 18516 87554 93509 50354 4100 50042 80836 83124 
7444 18
1106 27771 41361 92427 86532 63381 85715 53008 42359 53247 47632 19481 85502 33052 6184 31409 80241 7870 
3135 20
47306 20169 31679 50172 11580 35450 91685 69457 17376 40743 90071 25132 61172 32099 6834 29980 46807 85225 25826 88937 
9324 18
99359 4808 72975 11040 77640 20912 94552 52872 78619 75923 86162 30985 43475 55572 69318 77543 99328 71995 
6577 20
22110 97718 21943 66843 51211 66959 75883 91222 21860 97262 39782 92271 63694 29382 13148 77161 1059 20950 10211 94756 
8099 20
9270 8566 93601 3692 27412 31370 93657 56783 17593 96664 26491 70865 57619 90324 30841 79468 62421 68658 22224 58652 
6782 16
2356 37178 50684 1649 10634 6926 84072 74177 42706 22771 58313 36522 92799 41134 35177 94939 
1558 20
36979 18658 93152 20831 11515 69691 97366 89419 44187 24684 15364 33220 69617 68838 26260 7743 25111 17591 67847 60398 
8273 20
790 59067 64349 60004 23976 65136 3893 74051 11081 29692 10161 75818 91664 11245 86396 84901 35136 74280 92926 9629 
2462 19
57420 90192 46928 18966 64127 56248 43688 67505 33256 40482 36828 7134 89684 82594 18998 25560 99909 81724 28724 
4178 20
33825 27491 25170 25652 66912 32197 42297 34756 30797 35827 4458 49630 74890 91807 75232 92119 66613 47125 69147 28486 
3364 18
57623 44704 36527 26865 65692 40354 263 29613 22334 12458 4523 9061 18219 63077 12337 14553 16241 75871 
2223 19
16653 69148 13851 12215 24687 60685 69846 4340 62354 53435 33606 9075 88019 43538 84414 86021 89384 21156 76979 
2287 20
43334 28412 76604 11353 37959 25463 9081 28578 19960 35555 20311 61029 67123 19265 43938 29041 76323 53458 79671 14370 
7092 17
93133 63378 42777 51913 23563 47563 98147 63367 36091 24410 40561 43485 78613 34427 94096 87291 33861 
2325 17
164 99825 62375 89195 99729 7115 67783 29651 88131 77998 84942 356 28641 62261 78626 9016 72250 
7910 18
20787 99522 99337 64885 19839 97655 69760 53740 10951 21206 57938 71592 67778 32439 8794 50267 61836 73452 
6825 19
53626 76639 82652 58604 24913 9933 76904 23215 82064 35545 30647 63514 28246 79583 44461 40844 99468 42191 51715 
5144 18
95109 85210 80963 14150 17980 64317 52513 6981 83712 2638 96887 91029 52029 51038 22084 71437 90561 14562 
4559 19
36860 57514 86546 68591 29787 28288 68168 18603 20961 51072 69713 56940 20583 17856 15893 34123 55647 6674 12540 
9805 20
63350 61658 23730 3203 30299 20438 77204 85938 82251 54566 64975 25462 34639 53462 205 69928 55021 30928 57977 60084 
1140 16
32885 93535 88515 55056 84840 21112 63017 58254 96123 5908 90425 88504 75455 6225 9961 13356 
4254 19
58242 48074 51757 55735 81601 93322 8107 38563 77255 9616 93768 74004 28275 30532 67206 42203 34673 92752 37649 
2120 19
89467 39190 18121 55334 87999 8330 91636 66499 81680 87368 62799 27749 55294 20872 71420 14858 32807 97022 45676 
6650 19
61723 65651 89785 89954 68771 20578 48680 48210 71887 42801 45180 48965 24654 39747 95778 35527 19097 66902 40209 
5638 19
94901 36760 34090 60527 73227 25101 44739 85886 1924 97042 63000 93496 8869 28353 37292 92342 28331 77307 25987 
6522 19
81943 91042 25184 27841 16813 36097 15811 7268 24622 90661 26248 24468 84177 41959 69031 50071 15542 20421 39169 
1690 19
22036 55029 32861 81012 21823 56080 74950 32610 33213 74480 74698 93681 47934 48518 22256 99536 91761 53919 85301 
8301 19
56580 44378 79257 79564 91618 80421 59243 86813 68204 42833 77553 8668 25209 73315 93091 94550 33035 77403 60520 
5498 20
37239 41495 59315 67497 73984 32421 80265 69515 68332 49611 81710 91118 49936 73460 90750 64137 16055 82501 18596 7012 
2804 17
59683 3882 15559 58257 90984 75044 60222 70212 98398 93924 87397 95493 31996 33230 99392 94527 33613 
6148 19
37302 10487 18407 73020 6492 3544 63224 25437 91706 19121 55046 70194 15404 64922 77136 77064 83211 38591 49709 
4188 20
74653 78967 65716 9776 40737 95029 61376 3949 78816 98086 24790 61295 4685 9443 42996 49469 48855 94512 53254 55107 
7997 17
8970 50559 3937 91856 42436 77841 39183 94423 89577 81732 85999 60757 65034 15395 41178 40197 2025 
5766 19
44295 82161 20151 28019 93662 8848 62105 58096 55134 94640 96258 95273 88109 62407 921 12480 70642 99985 16849 
6219 20
22345 33899 47762 79843 8084 63692 14586 22313 67009 35430 91854 34281 60243 97494 95567 87990 71785 43379 62356 93785 
1867 20
45859 39063 83663 81855 14997 50692 67210 19289 62671 52202 6598 90226 33625 27367 20149 88528 29385 28659 87484 27386 
2102 18
3797 74421 77765 6881 34956 74193 55439 94018 93534 58764 59676 952 73994 31450 30302 51580 75694 30351 
3163 19
60958 94062 96248 18068 24492 2141 37797 38375 41173 20642 8824 71380 26781 44178 41984 61612 85243 39621 62759 
4853 17
74221 39635 51385 80141 28220 9809 91163 2315 83369 81512 87178 58170 6597 27704 40259 45076 29828 
7429 18
89356 95903 42623 84284 4756 35175 21014 19871 80569 49286 17580 771 70015 90788 99863 9608 44322 22838 
4603 19
76789 89306 45323 42383 91002 53103 68173 38570 27168 18290 12822 22930 32308 53922 85362 50968 90198 43224 57107 
19 18
34109 45938 53043 53181 50289 31923 54031 10987 41297 84320 289 82303 84845 77516 62074 59697 33832 15417 
8634 17
54945 91775 69194 35963 91370 42327 84837 37942 96264 9430 45978 94148 34853 52063 88575 36577 6769 
6516 20
10925 93805 99145 45138 21877 38420 65985 5113 63543 85565 55852 46630 33632 16781 96845 57050 84723 77689 62846 91852 
5507 19
56619 8717 59335 38311 87968 29128 56838 30765 2798 42692 59755 43371 78936 69689 47104 76591 34830 28748 66644 
2493 18
33551 48818 83473 43399 79579 40108 15829 33432 76814 39918 58246 57871 4729 32355 95617 42085 63953 8519 
6620 19
36538 9849 43459 20893 62730 28426 74278 88319 11610 34407 57799 22378 68616 58252 73468 30693 82787 78397 46322 
690 19
98225 2067 1690 34705 70571 65151 29876 93830 82388 36148 60717 43053 63739 27357 65560 31170 43332 10675 51220 
